0,513
0,512
0,304
0,406
0,403
84,4
0,395
84,3
84,2
84,1
84,0
14,5
14,4
0,393
83,3
83,2
0,511
83,1
83,0
0,510
82,4
82,3
82,2
82,1
82,0
81,3
81,2
81,1
81,0
80,3
80,2
80,1
80,0
79,5
79,4
79,3
79,2
79,1
79,0
78,3
78,2
78,1
78,0
77,4
77,3
77,2
77,1
77,0
76,3
76,2
76,1
76,0
15,3
16,2
16,1
16,3
13,2
14,2
4,16
4,40
4,17
4,41
4,27
4,4
4,9
4,74
4,7
4,86
4,88
4,91
4,1
4,83
4,2
4,3
6,7
6,8
6,6
6,1
6,4
6,2
6,3
7,8
7,7
7,10
7,4
7,5
7,13
7,1
7,9
7,2
7,3
5,4
5,2
5,1
5,3
75,52
75,51
75,50
75,49
75,48
75,47
56,1
56,3
61,1
61,3
60,1
60,3
51,1
51,3
55,1
55,3
58,1
58,3
49,1
49,3
50,1
50,3
0,273
0,270
75,46
75,45
75,44
75,43
75,42
75,41
75,40
75,39
75,38
75,37
75,36
75,35
3,2
3,1
3,3
10,88
10,14
10,16
10,302
10,192
10,260
10,2
10,3
8,11
